dme-miR-14-3p	0.0	0.9477958236658933	0.9869281045751634	0.967459324155194	0.9441502166586423	0.983495145631068	0.9704861111111112	0.9802631578947368	0.9856262833675564	0.9792452830188679	0.9640198511166254	0.9777365491651205	0.9820179820179821	0.9673405909797823	0.9761061946902655	0.991313789359392	0.9505555555555556	0.9447655748233783	0.9585289514866979	0.9714928732183046	0.9496402877697842	0.9631901840490797	0.9605055292259084	0.9630589760207389	0.9535055350553505	0.9536842105263158	0.9457485654668754	0.9779929577464789	0.948488241881299	0.9547233091112354	0.9546218487394958	0.9523809523809523	0.9743782969103241	0.9664429530201343	0.9765684051398337	0.9796460176991151	0.9419144981412639	0.9494134897360704
nve-miR-2023-3p	0.9477958236658933	0.0	0.9867674858223062	0.9358669833729216	0.9318389752973467	0.9863597612958227	0.969743987587277	0.9647940074906367	0.9819819819819819	0.9867549668874173	0.9477351916376306	0.9853181076672104	0.9797891036906854	0.9611307420494699	0.9771653543307086	0.9905749293119699	0.9476683937823834	0.9518496770405167	0.9597457627118644	0.955831608005521	0.9341692789968652	0.9494630448515476	0.9593147751605996	0.9423193685488768	0.9558232931726908	0.9538757206918642	0.9540618955512572	0.9796397807361003	0.9396325459317585	0.9449396958573676	0.9398099260823654	0.9480088495575221	0.9612992398064962	0.9626612355736592	0.9654218533886584	0.9779005524861878	0.9362357080035181	0.9597093791281374
pma-miR-184	0.9869281045751634	0.9867674858223062	0.0	0.9966850828729282	0.9951523545706371	0.9967105263157895	0.990909090909091	0.9898580121703854	0.9959183673469387	0.9880952380952381	0.991304347826087	0.994413407821229	0.9890510948905109	0.9982905982905983	0.9828431372549019	0.9946236559139785	0.9885361552028219	0.9853603603603603	0.9844827586206897	0.9919871794871795	0.9930313588850174	0.9974259974259975	0.9858657243816255	0.9834123222748815	0.9940476190476191	0.9932795698924731	0.9905288082083662	0.9952038369304557	0.9920141969831411	0.989247311827957	0.9864743011722272	0.9900793650793651	0.99185667752443	0.989010989010989	0.9917627677100495	0.9926470588235294	0.9901315789473685	0.9927113702623906
pma-miR-194-5p	0.967459324155194	0.9358669833729216	0.9966850828729282	0.0	0.9342169857633775	0.9821251241310824	0.9834061135371179	0.9704142011834319	0.9905956112852664	0.9778206364513018	0.9582806573957017	0.973384030418251	0.9888438133874239	0.9700315457413249	0.981149012567325	0.9911012235817576	0.956400223588597	0.9541935483870968	0.9749412685982772	0.9639016897081413	0.9430985915492958	0.9510146955913226	0.973015873015873	0.9679529103989536	0.9620817843866171	0.9611032531824611	0.9506561679790027	0.9738738738738739	0.9357798165137615	0.947008547008547	0.9504837791690381	0.9421789409616556	0.9652241112828439	0.9611576542269612	0.959375	0.9801623083859333	0.9428035630567276	0.9571322985957132
50429nm1	0.9441502166586423	0.9318389752973467	0.9951523545706371	0.9342169857633775	0.0	0.9857697283311773	0.9723058398555088	0.9628975265017667	0.9879275653923542	0.9750639386189258	0.9451131439576312	0.9773156899810964	0.988173455978975	0.9583098591549296	0.9786975045648204	0.9909533750869868	0.9250669045495094	0.9292429490351312	0.9589657110736369	0.9666848716548334	0.9329510366122629	0.9468798349664775	0.9592067988668556	0.9484382746653446	0.9518918918918919	0.9449396958573676	0.9242488362251375	0.9750152346130408	0.9275815824765311	0.9253932584269663	0.9286355475763016	0.942512749188688	0.9480156512017887	0.9469906129210381	0.957174638487208	0.967940813810111	0.9167634533488193	0.9505907626208379
50429nm11	0.983495145631068	0.9863597612958227	0.9967105263157895	0.9821251241310824	0.9857697283311773	0.0	0.9891891891891892	0.975	0.9803370786516854	0.9866962305986696	0.9864209505334627	0.989406779661017	0.9549071618037135	0.9737226277372263	0.9788867562380038	0.9900332225913622	0.9814665592264303	0.9850448654037887	0.9841726618705036	0.989159891598916	0.9766881028938906	0.9898534385569335	0.9912408759124087	0.9801255230125523	0.9846350832266325	0.9799764428739693	0.9817651349380014	0.9943714821763602	0.9821283509341998	0.9778325123152709	0.9836199836199836	0.981149012567325	0.9848275862068966	0.9853333333333333	0.9703389830508474	0.9942857142857143	0.9808760024676126	0.986198243412798
50429nm12	0.9704861111111112	0.969743987587277	0.990909090909091	0.9834061135371179	0.9723058398555088	0.9891891891891892	0.0	0.9865591397849462	0.9670781893004116	0.9829351535836177	0.967741935483871	0.9868421052631579	0.9789272030651341	0.9681372549019608	0.9676923076923077	0.9908883826879271	0.9796363636363636	0.9761061946902655	0.9769975786924939	0.9804147465437788	0.9715950473415877	0.9762611275964391	0.9778325123152709	0.9770431588613406	0.9780701754385965	0.9734422880490297	0.9635381498987171	0.9741641337386018	0.9757174392935982	0.9740548554484804	0.9762611275964391	0.9799839871897518	0.9730046948356808	0.9921612541993281	0.9800235017626322	0.9832317073170732	0.9783228750713063	0.9828141783029001
50429nm15	0.9802631578947368	0.9647940074906367	0.9898580121703854	0.9704142011834319	0.9628975265017667	0.975	0.9865591397849462	0.0	0.9890909090909091	0.9891135303265941	0.9743164871582436	0.9879154078549849	0.9879310344827587	0.9818181818181818	0.9874301675977654	0.9939271255060729	0.9796918767507002	0.964957264957265	0.984180790960452	0.9848648648648649	0.961020552799433	0.9658119658119658	0.9780346820809248	0.9599287622439893	0.9664570230607966	0.9728419010669254	0.9661678594664932	0.976123595505618	0.9656652360515021	0.9669540229885057	0.9601160261058739	0.9713400464756003	0.9746136865342163	0.9675324675324676	0.9744160177975528	0.9801980198019802	0.9681208053691275	0.9648397104446742
50429nm16	0.9856262833675564	0.9819819819819819	0.9959183673469387	0.9905956112852664	0.9879275653923542	0.9803370786516854	0.9670781893004116	0.9890909090909091	0.0	0.9898477157360406	0.9907881269191402	0.9878934624697336	0.9848484848484849	0.9858267716535433	0.9806034482758621	0.983402489626556	0.9916317991631799	0.9862579281183932	0.9874804381846636	0.9911894273127754	0.9823973176865046	0.9891304347826086	0.9936305732484076	0.9867256637168141	0.9861878453038674	0.9784810126582278	0.9894179894179894	0.9446902654867256	0.9794871794871794	0.9871904355251921	0.987146529562982	0.9810606060606061	0.9925595238095238	0.9928263988522238	0.9879154078549849	0.9935622317596566	0.982108626198083	0.9878378378378379
50429nm17	0.9792452830188679	0.9867549668874173	0.9880952380952381	0.9778206364513018	0.9750639386189258	0.9866962305986696	0.9829351535836177	0.9891135303265941	0.9898477157360406	0.0	0.972407231208373	0.976	0.9953161592505855	0.9862637362637363	0.9875	0.9970414201183432	0.9803767660910518	0.9776699029126213	0.9807427785419532	0.9870298313878081	0.978125	0.9802847754654983	0.9846153846153847	0.9849246231155779	0.9714285714285714	0.9796149490373726	0.9749283667621776	0.9857904085257548	0.9793977812995246	0.9825119236883942	0.9800159872102319	0.980836236933798	0.9774535809018567	0.9833971902937421	0.9813333333333333	0.9910394265232975	0.9750911300121506	0.9769417475728155
50429nm18	0.9640198511166254	0.9477351916376306	0.991304347826087	0.9582806573957017	0.9451131439576312	0.9864209505334627	0.967741935483871	0.9743164871582436	0.9907881269191402	0.972407231208373	0.0	0.9767441860465116	0.9870517928286853	0.9712955779674166	0.9724199288256228	0.9945770065075922	0.9308781869688385	0.9514376996805112	0.9737451737451738	0.9628787878787879	0.9425543781372002	0.9545767377838954	0.9629044988161011	0.9582790091264668	0.960352422907489	0.9609211444521982	0.9473409801876955	0.9824407374890255	0.951369480156512	0.9374288964732651	0.9457013574660633	0.9498207885304659	0.9602142310635042	0.960960960960961	0.9655700076511095	0.967713004484305	0.9364188873305282	0.9477941176470588
50429nm2	0.9777365491651205	0.9853181076672104	0.994413407821229	0.973384030418251	0.9773156899810964	0.989406779661017	0.9868421052631579	0.9879154078549849	0.9878934624697336	0.976	0.9767441860465116	0.0	0.9864559819413092	0.9920212765957447	0.9896729776247849	0.9830028328611898	0.9846035411855273	0.9662813102119461	0.9853333333333333	0.9783163265306123	0.9792467332820907	0.9904458598726115	0.9877883310719131	0.9781746031746031	0.9746070133010882	0.9534090909090909	0.9781690140845071	0.9827882960413081	0.9789227166276346	0.977183320220299	0.9779179810725552	0.9515418502202643	0.9793548387096774	0.9670886075949368	0.9804941482444733	0.9860869565217392	0.9796772265391512	0.983510011778563
50429nm20	0.9820179820179821	0.9797891036906854	0.9890510948905109	0.9888438133874239	0.988173455978975	0.9549071618037135	0.9789272030651341	0.9879310344827587	0.9848484848484849	0.9953161592505855	0.9870517928286853	0.9864559819413092	0.0	0.9819004524886877	0.9899799599198397	0.9739776951672863	0.9901960784313726	0.9772727272727273	0.9819819819819819	0.9873060648801129	0.9786710418375718	0.989522700814901	0.9862385321100917	0.9860813704496788	0.9920948616600791	0.9830097087378641	0.9813849590469099	0.9880478087649402	0.9842454394693201	0.9764507989907485	0.9849372384937238	0.989041095890411	0.9943181818181818	0.9861687413554634	0.9899135446685879	0.9816700610997964	0.9881619937694704	0.9723320158102767
50429nm22	0.9673405909797823	0.9611307420494699	0.9982905982905983	0.9700315457413249	0.9583098591549296	0.9737226277372263	0.9681372549019608	0.9818181818181818	0.9858267716535433	0.9862637362637363	0.9712955779674166	0.9920212765957447	0.9819004524886877	0.0	0.981203007518797	0.9861351819757366	0.9679358717434869	0.9682287529785544	0.9918283963227783	0.9781094527363184	0.9598393574297188	0.9693520140105079	0.9692470837751855	0.964550700741962	0.978116079923882	0.9619909502262444	0.966728280961183	0.9838308457711443	0.9614082599864591	0.9654237288135593	0.9632152588555858	0.9694323144104804	0.9799398194583752	0.98539435248296	0.9787664307381193	0.966794380587484	0.9601936525013448	0.979381443298969
50429nm24	0.9761061946902655	0.9771653543307086	0.9828431372549019	0.981149012567325	0.9786975045648204	0.9788867562380038	0.9676923076923077	0.9874301675977654	0.9806034482758621	0.9875	0.9724199288256228	0.9896729776247849	0.9899799599198397	0.981203007518797	0.0	0.9951456310679612	0.9700149925037481	0.9754768392370572	0.9838107098381071	0.9797377830750894	0.9778270509977827	0.9755600814663951	0.983502538071066	0.9705882352941176	0.984251968503937	0.9886010362694301	0.9844908968307485	0.9630818619582665	0.9805534779356769	0.978129713423831	0.9741837509491268	0.9795081967213115	0.9682926829268292	0.9836639439906651	0.9780755176613886	0.9889064976228209	0.9779582366589327	0.9765886287625418
50429nm26	0.991313789359392	0.9905749293119699	0.9946236559139785	0.9911012235817576	0.9909533750869868	0.9900332225913622	0.9908883826879271	0.9939271255060729	0.983402489626556	0.9970414201183432	0.9945770065075922	0.9830028328611898	0.9739776951672863	0.9861351819757366	0.9951456310679612	0.0	0.9929701230228472	0.98989898989899	0.9965870307167235	0.9903536977491961	0.9947780678851175	0.9948320413436692	0.9876325088339223	0.9869976359338062	0.9940387481371088	0.9932705248990579	0.9913180741910024	0.9878934624697336	0.9893143365983972	0.9928507596067918	0.9919210053859964	0.9880597014925373	0.9967532467532467	0.9953125	0.9799666110183639	0.9950980392156863	0.9881266490765171	0.9823008849557522
50429nm27	0.9505555555555556	0.9476683937823834	0.9885361552028219	0.956400223588597	0.9250669045495094	0.9814665592264303	0.9796363636363636	0.9796918767507002	0.9916317991631799	0.9803767660910518	0.9308781869688385	0.9846035411855273	0.9901960784313726	0.9679358717434869	0.9700149925037481	0.9929701230228472	0.0	0.9485585076314302	0.947654656696125	0.9620915032679739	0.9339717741935484	0.9441069258809235	0.9456671251719395	0.9448315911730546	0.9612452350698857	0.9623329283110571	0.9368171021377673	0.9762258543833581	0.9467068878833584	0.935204081632653	0.9367023991832568	0.9393776824034334	0.9514950166112957	0.9509162303664922	0.9678055190538765	0.9821693907875185	0.9323630136986302	0.942985265855221
50429nm30	0.9447655748233783	0.9518496770405167	0.9853603603603603	0.9541935483870968	0.9292429490351312	0.9850448654037887	0.9761061946902655	0.964957264957265	0.9862579281183932	0.9776699029126213	0.9514376996805112	0.9662813102119461	0.9772727272727273	0.9682287529785544	0.9754768392370572	0.98989898989899	0.9485585076314302	0.0	0.95	0.9613003095975232	0.9446640316205533	0.9544498948843728	0.9629331184528606	0.9463447350771295	0.9579894973743436	0.9504666188083274	0.9404255319148936	0.971843778383288	0.944634703196347	0.9492009132420092	0.9466743119266054	0.9521791767554479	0.9674418604651163	0.9593558282208589	0.9696734059097978	0.9744525547445255	0.943609022556391	0.9576837416481069
50429nm31	0.9585289514866979	0.9597457627118644	0.9844827586206897	0.9749412685982772	0.9589657110736369	0.9841726618705036	0.9769975786924939	0.984180790960452	0.9874804381846636	0.9807427785419532	0.9737451737451738	0.9853333333333333	0.9819819819819819	0.9918283963227783	0.9838107098381071	0.9965870307167235	0.947654656696125	0.95	0.0	0.9637826961770624	0.9599198396793587	0.9721254355400697	0.9736842105263158	0.9663382594417077	0.9713467048710601	0.9759572573463936	0.9526184538653366	0.9737171464330413	0.9677635997313633	0.9498626373626373	0.9583333333333334	0.9634769905040176	0.9665653495440729	0.9570858283433133	0.9736575481256332	0.9887920298879203	0.9608158883521203	0.9570200573065902
50429nm32	0.9714928732183046	0.955831608005521	0.9919871794871795	0.9639016897081413	0.9666848716548334	0.989159891598916	0.9804147465437788	0.9848648648648649	0.9911894273127754	0.9870298313878081	0.9628787878787879	0.9783163265306123	0.9873060648801129	0.9781094527363184	0.9797377830750894	0.9903536977491961	0.9620915032679739	0.9613003095975232	0.9637826961770624	0.0	0.9520997375328084	0.9669771380186283	0.9695431472081218	0.9608	0.9724011039558418	0.9679098005203816	0.9518586227909811	0.9712918660287081	0.9549370444002651	0.9650395778364116	0.9601328903654485	0.9689045936395759	0.9638318670576735	0.9666666666666667	0.9686581782566112	0.9710144927536232	0.961093585699264	0.9459962756052142
50429nm33	0.9496402877697842	0.9341692789968652	0.9930313588850174	0.9430985915492958	0.9329510366122629	0.9766881028938906	0.9715950473415877	0.961020552799433	0.9823973176865046	0.978125	0.9425543781372002	0.9792467332820907	0.9786710418375718	0.9598393574297188	0.9778270509977827	0.9947780678851175	0.9339717741935484	0.9446640316205533	0.9599198396793587	0.9520997375328084	0.0	0.9582587954680978	0.9616161616161616	0.9499712478435882	0.959493670886076	0.9511301160659743	0.9330484330484331	0.9695393759286776	0.9411172622043281	0.939807789580172	0.9244215938303342	0.948093220338983	0.966796875	0.961340206185567	0.958470665787739	0.9785185185185186	0.9271324474924989	0.9453273998728544
50429nm35	0.9631901840490797	0.9494630448515476	0.9974259974259975	0.9510146955913226	0.9468798349664775	0.9898534385569335	0.9762611275964391	0.9658119658119658	0.9891304347826086	0.9802847754654983	0.9545767377838954	0.9904458598726115	0.989522700814901	0.9693520140105079	0.9755600814663951	0.9948320413436692	0.9441069258809235	0.9544498948843728	0.9721254355400697	0.9669771380186283	0.9582587954680978	0.0	0.9681133746678476	0.9620343839541547	0.9606234618539786	0.9539422326307572	0.947664603263928	0.9859437751004017	0.9558645707376058	0.9632086851628469	0.9587128111718276	0.9483660130718954	0.9613733905579399	0.9578059071729957	0.9761702127659575	0.9806714140386572	0.9547689282202556	0.9543230016313213
50429nm36	0.9605055292259084	0.9593147751605996	0.9858657243816255	0.973015873015873	0.9592067988668556	0.9912408759124087	0.9778325123152709	0.9780346820809248	0.9936305732484076	0.9846153846153847	0.9629044988161011	0.9877883310719131	0.9862385321100917	0.9692470837751855	0.983502538071066	0.9876325088339223	0.9456671251719395	0.9629331184528606	0.9736842105263158	0.9695431472081218	0.9616161616161616	0.9681133746678476	0.0	0.9581239530988275	0.9719264278799613	0.9663023679417122	0.9690402476780186	0.9810126582278481	0.9568197395476353	0.9565816678152997	0.9564616447823082	0.9638376383763838	0.9744897959183674	0.9658634538152611	0.9636552440290758	0.9755784061696658	0.9576776994031471	0.9713467048710601
50429nm38	0.9630589760207389	0.9423193685488768	0.9834123222748815	0.9679529103989536	0.9484382746653446	0.9801255230125523	0.9770431588613406	0.9599287622439893	0.9867256637168141	0.9849246231155779	0.9582790091264668	0.9781746031746031	0.9860813704496788	0.964550700741962	0.9705882352941176	0.9869976359338062	0.9448315911730546	0.9463447350771295	0.9663382594417077	0.9608	0.9499712478435882	0.9620343839541547	0.9581239530988275	0.0	0.9693721286370597	0.9581497797356828	0.943058568329718	0.9677725118483412	0.9554655870445344	0.9417304296645085	0.9459459459459459	0.958667489204195	0.976984126984127	0.9587955625990491	0.9594155844155844	0.980188679245283	0.95	0.9602750190985485
50429nm39	0.9535055350553505	0.9558232931726908	0.9940476190476191	0.9620817843866171	0.9518918918918919	0.9846350832266325	0.9780701754385965	0.9664570230607966	0.9861878453038674	0.9714285714285714	0.960352422907489	0.9746070133010882	0.9920948616600791	0.978116079923882	0.984251968503937	0.9940387481371088	0.9612452350698857	0.9579894973743436	0.9713467048710601	0.9724011039558418	0.959493670886076	0.9606234618539786	0.9719264278799613	0.9693721286370597	0.0	0.9683069224353628	0.9599764567392584	0.971655328798186	0.9495472186287193	0.9594333547971667	0.9552819183408944	0.9620951068228808	0.9721448467966574	0.9671532846715328	0.971000935453695	0.9760820045558086	0.960431654676259	0.9547872340425532
50429nm4	0.9536842105263158	0.9538757206918642	0.9932795698924731	0.9611032531824611	0.9449396958573676	0.9799764428739693	0.9734422880490297	0.9728419010669254	0.9784810126582278	0.9796149490373726	0.9609211444521982	0.9534090909090909	0.9830097087378641	0.9619909502262444	0.9886010362694301	0.9932705248990579	0.9623329283110571	0.9504666188083274	0.9759572573463936	0.9679098005203816	0.9511301160659743	0.9539422326307572	0.9663023679417122	0.9581497797356828	0.9683069224353628	0.0	0.9533560864618885	0.9695057833859095	0.9595340282035562	0.9522332506203474	0.9643515673017824	0.9480346435709527	0.9712292938099389	0.9656652360515021	0.9692442882249561	0.986444212721585	0.9493734335839599	0.9635761589403974
50429nm40	0.9457485654668754	0.9540618955512572	0.9905288082083662	0.9506561679790027	0.9242488362251375	0.9817651349380014	0.9635381498987171	0.9661678594664932	0.9894179894179894	0.9749283667621776	0.9473409801876955	0.9781690140845071	0.9813849590469099	0.966728280961183	0.9844908968307485	0.9913180741910024	0.9368171021377673	0.9404255319148936	0.9526184538653366	0.9518586227909811	0.9330484330484331	0.947664603263928	0.9690402476780186	0.943058568329718	0.9599764567392584	0.9533560864618885	0.0	0.9706884798909339	0.943046986236355	0.9331730769230769	0.8611825192802056	0.9533498759305211	0.9566809029896278	0.9573317307692307	0.964741641337386	0.9740437158469946	0.9166666666666666	0.9529964747356052
50429nm43	0.9779929577464789	0.9796397807361003	0.9952038369304557	0.9738738738738739	0.9750152346130408	0.9943714821763602	0.9741641337386018	0.976123595505618	0.9446902654867256	0.9857904085257548	0.9824407374890255	0.9827882960413081	0.9880478087649402	0.9838308457711443	0.9630818619582665	0.9878934624697336	0.9762258543833581	0.971843778383288	0.9737171464330413	0.9712918660287081	0.9695393759286776	0.9859437751004017	0.9810126582278481	0.9677725118483412	0.971655328798186	0.9695057833859095	0.9706884798909339	0.0	0.9721804511278196	0.9766566265060241	0.9765861027190332	0.9770679770679771	0.9832535885167464	0.9801864801864801	0.9781818181818182	0.9760765550239234	0.9774174869716271	0.9812154696132597
50429nm44	0.948488241881299	0.9396325459317585	0.9920141969831411	0.9357798165137615	0.9275815824765311	0.9821283509341998	0.9757174392935982	0.9656652360515021	0.9794871794871794	0.9793977812995246	0.951369480156512	0.9789227166276346	0.9842454394693201	0.9614082599864591	0.9805534779356769	0.9893143365983972	0.9467068878833584	0.944634703196347	0.9677635997313633	0.9549370444002651	0.9411172622043281	0.9558645707376058	0.9568197395476353	0.9554655870445344	0.9495472186287193	0.9595340282035562	0.943046986236355	0.9721804511278196	0.0	0.9342915811088296	0.9374358974358974	0.9447128287707998	0.9670402109426499	0.9594771241830066	0.9627659574468085	0.9812593703148426	0.9255733448723497	0.9587039390088945
50429nm48	0.9547233091112354	0.9449396958573676	0.989247311827957	0.947008547008547	0.9253932584269663	0.9778325123152709	0.9740548554484804	0.9669540229885057	0.9871904355251921	0.9825119236883942	0.9374288964732651	0.977183320220299	0.9764507989907485	0.9654237288135593	0.978129713423831	0.9928507596067918	0.935204081632653	0.9492009132420092	0.9498626373626373	0.9650395778364116	0.939807789580172	0.9632086851628469	0.9565816678152997	0.9417304296645085	0.9594333547971667	0.9522332506203474	0.9331730769230769	0.9766566265060241	0.9342915811088296	0.0	0.9327817993795243	0.9358695652173913	0.9550938337801609	0.9461077844311377	0.9604822505023443	0.9663351185921959	0.9281074058033781	0.9415963659961064
50429nm49	0.9546218487394958	0.9398099260823654	0.9864743011722272	0.9504837791690381	0.9286355475763016	0.9836199836199836	0.9762611275964391	0.9601160261058739	0.987146529562982	0.9800159872102319	0.9457013574660633	0.9779179810725552	0.9849372384937238	0.9632152588555858	0.9741837509491268	0.9919210053859964	0.9367023991832568	0.9466743119266054	0.9583333333333334	0.9601328903654485	0.9244215938303342	0.9587128111718276	0.9564616447823082	0.9459459459459459	0.9552819183408944	0.9643515673017824	0.8611825192802056	0.9765861027190332	0.9374358974358974	0.9327817993795243	0.0	0.951154052603328	0.9493243243243243	0.9612097304404996	0.9652406417112299	0.9717557251908397	0.9349137931034482	0.9448767833981842
50429nm51	0.9523809523809523	0.9480088495575221	0.9900793650793651	0.9421789409616556	0.942512749188688	0.981149012567325	0.9799839871897518	0.9713400464756003	0.9810606060606061	0.980836236933798	0.9498207885304659	0.9515418502202643	0.989041095890411	0.9694323144104804	0.9795081967213115	0.9880597014925373	0.9393776824034334	0.9521791767554479	0.9634769905040176	0.9689045936395759	0.948093220338983	0.9483660130718954	0.9638376383763838	0.958667489204195	0.9620951068228808	0.9480346435709527	0.9533498759305211	0.9770679770679771	0.9447128287707998	0.9358695652173913	0.951154052603328	0.0	0.9620343839541547	0.9692307692307692	0.9655667144906743	0.9786008230452675	0.9488888888888889	0.9510344827586207
50429nm53	0.9743782969103241	0.9612992398064962	0.99185667752443	0.9652241112828439	0.9480156512017887	0.9848275862068966	0.9730046948356808	0.9746136865342163	0.9925595238095238	0.9774535809018567	0.9602142310635042	0.9793548387096774	0.9943181818181818	0.9799398194583752	0.9682926829268292	0.9967532467532467	0.9514950166112957	0.9674418604651163	0.9665653495440729	0.9638318670576735	0.966796875	0.9613733905579399	0.9744897959183674	0.976984126984127	0.9721448467966574	0.9712292938099389	0.9566809029896278	0.9832535885167464	0.9670402109426499	0.9550938337801609	0.9493243243243243	0.9620343839541547	0.0	0.9712918660287081	0.9663032705649157	0.9843184559710495	0.9608879492600423	0.96398891966759
50429nm55	0.9664429530201343	0.9626612355736592	0.989010989010989	0.9611576542269612	0.9469906129210381	0.9853333333333333	0.9921612541993281	0.9675324675324676	0.9928263988522238	0.9833971902937421	0.960960960960961	0.9670886075949368	0.9861687413554634	0.98539435248296	0.9836639439906651	0.9953125	0.9509162303664922	0.9593558282208589	0.9570858283433133	0.9666666666666667	0.961340206185567	0.9578059071729957	0.9658634538152611	0.9587955625990491	0.9671532846715328	0.9656652360515021	0.9573317307692307	0.9801864801864801	0.9594771241830066	0.9461077844311377	0.9612097304404996	0.9692307692307692	0.9712918660287081	0.0	0.9789674952198852	0.9823943661971831	0.9543067226890757	0.9675967596759676
50429nm57	0.9765684051398337	0.9654218533886584	0.9917627677100495	0.959375	0.957174638487208	0.9703389830508474	0.9800235017626322	0.9744160177975528	0.9879154078549849	0.9813333333333333	0.9655700076511095	0.9804941482444733	0.9899135446685879	0.9787664307381193	0.9780755176613886	0.9799666110183639	0.9678055190538765	0.9696734059097978	0.9736575481256332	0.9686581782566112	0.958470665787739	0.9761702127659575	0.9636552440290758	0.9594155844155844	0.971000935453695	0.9692442882249561	0.964741641337386	0.9781818181818182	0.9627659574468085	0.9604822505023443	0.9652406417112299	0.9655667144906743	0.9663032705649157	0.9789674952198852	0.0	0.9817073170731707	0.9623940677966102	0.9732965009208103
50429nm6	0.9796460176991151	0.9779005524861878	0.9926470588235294	0.9801623083859333	0.967940813810111	0.9942857142857143	0.9832317073170732	0.9801980198019802	0.9935622317596566	0.9910394265232975	0.967713004484305	0.9860869565217392	0.9816700610997964	0.966794380587484	0.9889064976228209	0.9950980392156863	0.9821693907875185	0.9744525547445255	0.9887920298879203	0.9710144927536232	0.9785185185185186	0.9806714140386572	0.9755784061696658	0.980188679245283	0.9760820045558086	0.986444212721585	0.9740437158469946	0.9760765550239234	0.9812593703148426	0.9663351185921959	0.9717557251908397	0.9786008230452675	0.9843184559710495	0.9823943661971831	0.9817073170731707	0.0	0.9785008715862871	0.9799107142857143
50429nm60	0.9419144981412639	0.9362357080035181	0.9901315789473685	0.9428035630567276	0.9167634533488193	0.9808760024676126	0.9783228750713063	0.9681208053691275	0.982108626198083	0.9750911300121506	0.9364188873305282	0.9796772265391512	0.9881619937694704	0.9601936525013448	0.9779582366589327	0.9881266490765171	0.9323630136986302	0.943609022556391	0.9608158883521203	0.961093585699264	0.9271324474924989	0.9547689282202556	0.9576776994031471	0.95	0.960431654676259	0.9493734335839599	0.9166666666666666	0.9774174869716271	0.9255733448723497	0.9281074058033781	0.9349137931034482	0.9488888888888889	0.9608879492600423	0.9543067226890757	0.9623940677966102	0.9785008715862871	0.0	0.9543355566957414
50429nm7	0.9494134897360704	0.9597093791281374	0.9927113702623906	0.9571322985957132	0.9505907626208379	0.986198243412798	0.9828141783029001	0.9648397104446742	0.9878378378378379	0.9769417475728155	0.9477941176470588	0.983510011778563	0.9723320158102767	0.979381443298969	0.9765886287625418	0.9823008849557522	0.942985265855221	0.9576837416481069	0.9570200573065902	0.9459962756052142	0.9453273998728544	0.9543230016313213	0.9713467048710601	0.9602750190985485	0.9547872340425532	0.9635761589403974	0.9529964747356052	0.9812154696132597	0.9587039390088945	0.9415963659961064	0.9448767833981842	0.9510344827586207	0.96398891966759	0.9675967596759676	0.9732965009208103	0.9799107142857143	0.9543355566957414	0.0
